1086737
1207737
756749
419106
1460770
1410463
660179
756797
947271
947347
1178423
1167259
1094675
1386118
947159
1269706
1324642
1167130
1410495
635215
829773
693249
1416473
1167201
1250239
1304061
1185839
1293010
1323155
1354941
1269700
1227881
1207717
1304096
1157845
1422129
1369587
1250244
392223
1410484
1416474
1068309
1250251
1460779
1359542
1155274
1269691
1293015
1068384
829811
1269730
829747
1178418
1127457
1293029
1166882
1473469
336032
1323166
1068394
829709
804677
1369571
1269708
419151
1082625
1068382
1168845
1269720
1195593
336002
1297900
1156657
1127577
1068306
804567
1269705
1127455
1195631
1082642
1304065
1422133
693057
1226864
1410450
1269692
693155
804633
1304092
392220
1475243
1422131
1114879
1293011
1443064
1475242
1347690
392229
1226877
1293027
501233
1410433
1168822
1293020
1136599
693259
980921
1426267
693119
1460775
693265
548344
1347664
1297905
1094681
336037
1370350
1226881
654089
1148672
1324664
1410402
1023647
598062
1226831
1359521
1347680
947277
1211648
857725
1347569
1254058
1211643
829777
598027
1148663
1443062
1068378
733991
1227892
1068389
947295
571243
1386109
1148660
1136569
729315
1082647
598030
635222
1252677
419144
1082595
1347568
1128834
804527
1297837
693069
1297903
1410417
1269711
947283
1304056
1094698
693053
947293
548331
548373
1410486
1443094
1443070
1473463
1416503
693125
1473443
1167221
524935
1269651
392207
804589
1297806
419141
1127575
335991
1304055
419136
1475244
501244
804491
1324627
1297902
1312197
1185851
1195583
1416478
1216508
392189
1082597
1269650
804679
1250237
1416487
1269707
1443059
947181
460058
1369577
1114877
947279
1175365
1167155
336035
1068383
1428679
1460777
1347581
1068305
1297918
804499
1152562
1297919
501200
548343
1354924
1428706
804605
1195596
1207719
1068331
571245
1136563
804681
1185840
1473511
1410455
548323
947273
654099
598047
1410475
804463
1226834
598012
947259
1410427
635227
829751
981009
1023639
1304093
1473460
1359541
980991
1082646
1354940
1460782
1148658
1254069
1293018
1155277
392190
1416480
980959
419121
1195586
1347591
1254062
1247016
1082639
1422124
693087
1297907
1250335
980995
1269680
1473485
1416472
1167227
1136581
1416490
1410479
1094695
1175371
804593
598045
1114857
1250364
1185841
1250323
635216
1410478
1168851
1473453
1167142
1269694
1211675
734049
524925
598017
1068302
1178395
1426272
1410409
1297915
1195624
1168840
1347616
1068392
1250245
1304062
875543
804497
829737
1323169
994683
1148662
1155275
1207702
743191
947109
1250236
693255
1323171
1475248
1304084
1269676
1227891
1410404
1207725
693235
1359539
1207722
336036
1354944
693245
1254064
1324663
336031
804489
660163
336013
947103
1019645
1428707
1136562
548326
1185837
1178420
1269654
1460758
1269684
981007
1127495
1128840
693253
875547
392228
1068333
1347586
804573
1460780
1094676
1324667
419108
1426279
1168821
1304083
1195585
804495
1247042
693131
1324629
1473494
1297827
1410421
1304086
1304091
548333
947297
336020
1175370
1175367
1127494
1068371
1226827
1443097
660133
734043
875539
