1127575
1082609
1148662
1068388
1195583
1068305
1127497
1068389
1114879
1167130
1167128
1178420
1082646
1068378
1019645
1068306
1175370
1086737
1167211
1155276
1155275
1068302
1156657
1178395
1185851
1127494
1167232
1068309
1155310
1023605
1167227
1127505
1156672
1082605
1068332
1082633
1167221
1168840
1127457
1148658
1094676
1167155
1195586
1167142
1195596
1068333
1068384
1094698
1152562
1167138
1155277
1068352
1082625
1148660
1094681
1166882
1168851
1068382
1127455
1168845
1136562
1195589
1167259
1068394
1094694
1082597
1155274
1094675
1175365
1168822
1167201
1185840
1023589
1157845
1128834
1195585
1136581
1068392
1068303
1155316
1068371
1175371
1168821
1152561
